750
591
575
560
880
985 444
639
377
540
387
303
343 484
276
614
369
733
793 676
352
254
704
594
360
658
907
111
180 341
145
818 919
411
406
488
945 796
831
186
312
508
333
787
858 93
179
184
239
549
576
959
928 422
364
20 388
396
742
982 108
526
647
114 710
0 715
275
819
261
446
884 868
162 527
921
485
768
703 344
371 872
316
613
487 266
842
620 835
318 297
821
414 752
850
975
338 144
600 619
867
748
19
27 946
690
539
107
99 116
60
908
989
857 150
49 838
431
775
405 353
780
583 418
558 817
433
654
978
238 492
958 674
886
74
230
413 664
317
72 375
772
100
240
897 999
468
33
927 808
930 130
351
189
514
78
174
529 683
822
652
773 910
470 684
713
669
679
912 909
836
65 165
678
932 417
533
46 544
532
937 631
785
479
677
554
786
971
326
354
691
128 137
194
367
852
922
368 572
505
814 428
282
465 496
501 243
193
574
251
645
980 469
834 716
232
706
237 586
45
705 615
56
553 88
900
627
305
833 153
530
933
294
291 769
489
973 96
730
593
274
252 653
463
759 902
52 160
25
313
380
70
122
379
362
992
287
155 758
568 751
329
233
960 542
829
177
140
445 840
296
7
888
467
802
845
13
71 373
839
901 537
61 904
790
657 952
3
918 661
466 861
440
650
991 366
747
330 395
231 169
453
642
356
864
948
236 464
603 783
655
968 163
987
649
84 543
204 535
938
259 147
277
53 547
235
643 55
499
486
491
435
302
18 915
73
896
781 271
567
241
584
219
957 51
700 207
34
397
1
4
483
621
825 512
426 765
935
447 622
969
635 471
209
771
328
926
200 675
778
805 476
63
41
518 449
334
457
493
993 234
994
43
612 750
509
434 630
416
451
640
701 218
293
757
874
335 339
963
307 15
121
602
516
35
481 632
459 224
324 579
951
876 424
755
265
571 498
879 711
394 668
749 443
580 190
123 454
720 206
893
279
996 862
181
258
789 408
550
133 175
365 288
183 242
109
606
589 891
931
618 816
890
11
90
284
262 634
743
697 882
707
38
551
577 69
83
569
939
327 438
944
847 866
346
581 695
746
125
722
504
596
913
791
455 363
300
197
552 407
988 409
332
173 894
648
887
903 152
120
286
727
977 562
12 182
141
400
50
347
477
860
6 513
77
185 892
559
217
519
848
404
425
745
430
660 607
515
741
670 104
385 797
925
851
320
214 156
14
381
191 965
253 762
340
870
348
399 940
9
358
196
281
319
737 2
566 68
966
976
974 525
570
696 115
682
604
666 474
255
154
883 85
126 67
610
764
811
680
103
962
423
159
478 64
934 37
656
997
608 665
629
923
322 359
595 198
807
863
16
756
837 415
841 662
873 398
92
517 726
62
102 458
605
31 221
511 856
810 59
556
87
763 545
132
178
22
311
587 437
804
719
441
24
299
436
82 8
205
480
167
967 721
736
812
717 80
272
44 345
298
315
149
442
623
171 95
448
609 129
964
225
106
267
597
47 760
601 782
452 244
151 58
28
784
859
738
986
420
806 146
176
827
899
916 673
799
972
256 295
541
403 911
421
292
521 490
89
611
823
920 956
473
698 143
849
689 383
557
693
460
323
192
211
651 885
389
826
531
5
813 337
794 524
310 91
943 981
450
361
138 475
663
917
854
350 774
500
374
278
506
809
168 563
263 637
924
538
800 659
289 250
644
590 117
195 86
112
248 390
309
895
671
588
164
29
906
564 227
729
941 131
844
212
497
846 503
633 699
26 461
641
308
456
875
955
48
889
139
432 801
555
370
961 401
507
520
534 522
767
213
301
290 376
869
325
21
878
110
378
101 427
830
803
728
625 134
166
754
638
970
646
172 410
983
355 881
247
462
79 482
81
905
113
753 188
998
321 871
724
97 10
953 161
314
687
636 949
269 599
732
947 990
170
688
75
565
954
32 853
210
201
40 832
419 285
546
54 578
942
391
260
216
616
815
357
685 336
23
761
203
820
795 495
283
585 199
342
936
984 929
536
995 402
273 979
914
280 306
372 157
439
626
792
502
855
249 523
779
228
245
135
382 624
582 226
740 105
681 686
268
393
731 494
94 386
222
692
39
304 119
734
30 270
877
766
672
349
865
694
264 824
98
712
472
136
776
744 215
843
142
220
223 158
950
208
702
384 735
617 898
429
628 76
592
667
392 528
127
66 770
17
36 118
723
148
257 598
777
331 510
187
708
828 714
561
57 788
229
246 798
739
718
202
42
548 124
725
412
709 573
